-1 -1
-1 -10
-1 -15
-1 -16
-1 -17
-1 -18
-1 -19
-1 -2
-1 -20
-1 -21
-1 -22
-1 -23
-1 -24
-1 -25
-1 -26
-1 -27
-1 -28
-1 -29
-1 -3
-1 -4
-1 -5
-1 -6
-1 -7
-1 -8
-1 -9
-1 0
-1 1
-1 10
-1 11
-1 12
-1 13
-1 14
-1 15
-1 16
-1 17
-1 18
-1 19
-1 2
-1 20
-1 21
-1 22
-1 23
-1 24
-1 25
-1 26
-1 27
-1 28
-1 29
-1 3
-1 30
-1 31
-1 32
-1 33
-1 34
-1 35
-1 4
-1 5
-1 6
-1 7
-1 8
-1 9
-10 -1
-10 -10
-10 -2
-10 -3
-10 -4
-10 -5
-10 -6
-10 -7
-10 -8
-10 -9
-10 0
-10 1
-10 10
-10 11
-10 12
-10 13
-10 14
-10 15
-10 16
-10 17
-10 18
-10 19
-10 2
-10 20
-10 21
-10 22
-10 23
-10 24
-10 25
-10 26
-10 27
-10 28
-10 29
-10 3
-10 30
-10 31
-10 32
-10 33
-10 34
-10 35
-10 36
-10 37
-10 38
-10 39
-10 4
-10 40
-10 41
-10 42
-10 43
-10 44
-10 45
-10 46
-10 47
-10 48
-10 49
-10 5
-10 50
-10 51
-10 52
-10 53
-10 54
-10 55
-10 56
-10 57
-10 58
-10 59
-10 6
-10 60
-10 61
-10 62
-10 63
-10 64
-10 7
-10 8
-10 9
-11 -1
-11 -10
-11 -11
-11 -2
-11 -3
-11 -4
-11 -5
-11 -6
-11 -7
-11 -8
-11 -9
-11 0
-11 1
-11 10
-11 11
-11 12
-11 13
-11 14
-11 15
-11 16
-11 17
-11 18
-11 19
-11 2
-11 20
-11 21
-11 22
-11 23
-11 24
-11 25
-11 26
-11 27
-11 28
-11 29
-11 3
-11 30
-11 31
-11 32
-11 33
-11 34
-11 35
-11 36
-11 37
-11 38
-11 39
-11 4
-11 40
-11 41
-11 42
-11 43
-11 44
-11 45
-11 46
-11 47
-11 48
-11 49
-11 5
-11 50
-11 51
-11 52
-11 53
-11 54
-11 55
-11 56
-11 57
-11 58
-11 59
-11 6
-11 60
-11 61
-11 62
-11 63
-11 64
-11 7
-11 8
-11 9
-12 -1
-12 -10
-12 -11
-12 -2
-12 -3
-12 -4
-12 -5
-12 -6
-12 -7
-12 -8
-12 -9
-12 0
-12 1
-12 10
-12 11
-12 12
-12 13
-12 14
-12 15
-12 16
-12 17
-12 18
-12 19
-12 2
-12 20
-12 21
-12 22
-12 23
-12 24
-12 25
-12 26
-12 27
-12 28
-12 29
-12 3
-12 30
-12 31
-12 32
-12 33
-12 34
-12 35
-12 36
-12 37
-12 38
-12 39
-12 4
-12 40
-12 41
-12 42
-12 43
-12 44
-12 45
-12 46
-12 47
-12 48
-12 49
-12 5
-12 50
-12 51
-12 52
-12 53
-12 54
-12 55
-12 56
-12 57
-12 58
-12 59
-12 6
-12 60
-12 61
-12 62
-12 63
-12 64
-12 7
-12 8
-12 9
-13 -1
-13 -10
-13 -11
-13 -12
-13 -2
-13 -3
-13 -4
-13 -5
-13 -6
-13 -7
-13 -8
-13 -9
-13 0
-13 1
-13 10
-13 11
-13 12
-13 13
-13 14
-13 15
-13 16
-13 17
-13 18
-13 19
-13 2
-13 20
-13 21
-13 22
-13 23
-13 24
-13 25
-13 26
-13 27
-13 28
-13 29
-13 3
-13 30
-13 31
-13 32
-13 33
-13 34
-13 35
-13 36
-13 37
-13 38
-13 39
-13 4
-13 40
-13 41
-13 42
-13 43
-13 44
-13 45
-13 46
-13 47
-13 48
-13 49
-13 5
-13 50
-13 51
-13 52
-13 53
-13 54
-13 55
-13 56
-13 57
-13 58
-13 59
-13 6
-13 60
-13 61
-13 62
-13 63
-13 64
-13 7
-13 8
-13 9
-14 -1
-14 -10
-14 -11
-14 -12
-14 -2
-14 -3
-14 -4
-14 -5
-14 -6
-14 -7
-14 -8
-14 -9
-14 0
-14 1
-14 10
-14 11
-14 12
-14 13
-14 14
-14 15
-14 16
-14 17
-14 18
-14 19
-14 2
-14 20
-14 21
-14 22
-14 23
-14 24
-14 25
-14 26
-14 27
-14 28
-14 29
-14 3
-14 30
-14 31
-14 32
-14 33
-14 34
-14 35
-14 36
-14 37
-14 38
-14 39
-14 4
-14 40
-14 41
-14 42
-14 43
-14 44
-14 45
-14 46
-14 47
-14 48
-14 49
-14 5
-14 50
-14 51
-14 52
-14 53
-14 54
-14 55
-14 56
-14 57
-14 58
-14 59
-14 6
-14 60
-14 61
-14 62
-14 63
-14 64
-14 7
-14 8
-14 9
-15 -1
-15 -10
-15 -11
-15 -12
-15 -2
-15 -3
-15 -4
-15 -5
-15 -6
-15 -7
-15 -8
-15 -9
-15 0
-15 1
-15 10
-15 11
-15 12
-15 13
-15 14
-15 15
-15 16
-15 17
-15 18
-15 19
-15 2
-15 20
-15 21
-15 22
-15 23
-15 24
-15 25
-15 26
-15 27
-15 28
-15 29
-15 3
-15 30
-15 31
-15 32
-15 33
-15 34
-15 35
-15 36
-15 37
-15 38
-15 39
-15 4
-15 40
-15 41
-15 42
-15 43
-15 44
-15 45
-15 46
-15 47
-15 48
-15 49
-15 5
-15 50
-15 51
-15 52
-15 53
-15 54
-15 55
-15 56
-15 57
-15 58
-15 59
-15 6
-15 60
-15 61
-15 62
-15 63
-15 64
-15 7
-15 8
-15 9
-16 -1
-16 -10
-16 -11
-16 -12
-16 -2
-16 -3
-16 -4
-16 -5
-16 -6
-16 -7
-16 -8
-16 -9
-16 0
-16 1
-16 10
-16 11
-16 12
-16 13
-16 14
-16 15
-16 16
-16 17
-16 18
-16 19
-16 2
-16 20
-16 21
-16 22
-16 23
-16 24
-16 25
-16 26
-16 27
-16 28
-16 29
-16 3
-16 30
-16 31
-16 32
-16 33
-16 34
-16 35
-16 36
-16 37
-16 38
-16 39
-16 4
-16 40
-16 41
-16 42
-16 43
-16 44
-16 45
-16 46
-16 47
-16 48
-16 49
-16 5
-16 50
-16 51
-16 52
-16 53
-16 54
-16 55
-16 56
-16 57
-16 58
-16 59
-16 6
-16 60
-16 61
-16 62
-16 63
-16 64
-16 7
-16 8
-16 9
-17 -1
-17 -10
-17 -11
-17 -12
-17 -2
-17 -3
-17 -4
-17 -5
-17 -6
-17 -7
-17 -8
-17 -9
-17 0
-17 1
-17 10
-17 11
-17 12
-17 13
-17 14
-17 15
-17 16
-17 17
-17 18
-17 19
-17 2
-17 20
-17 21
-17 22
-17 23
-17 24
-17 25
-17 26
-17 27
-17 28
-17 29
-17 3
-17 30
-17 32
-17 33
-17 34
-17 35
-17 36
-17 37
-17 38
-17 39
-17 4
-17 40
-17 41
-17 42
-17 43
-17 44
-17 45
-17 46
-17 47
-17 48
-17 49
-17 5
-17 50
-17 51
-17 52
-17 53
-17 54
-17 55
-17 56
-17 57
-17 58
-17 59
-17 6
-17 60
-17 61
-17 62
-17 63
-17 64
-17 7
-17 8
-17 9
-18 -1
-18 -10
-18 -11
-18 -2
-18 -3
-18 -4
-18 -5
-18 -6
-18 -7
-18 -8
-18 -9
-18 0
-18 1
-18 10
-18 11
-18 12
-18 13
-18 14
-18 15
-18 16
-18 17
-18 18
-18 19
-18 2
-18 20
-18 21
-18 22
-18 23
-18 24
-18 25
-18 26
-18 27
-18 28
-18 29
-18 3
-18 30
-18 32
-18 33
-18 34
-18 35
-18 36
-18 37
-18 38
-18 39
-18 4
-18 40
-18 41
-18 42
-18 43
-18 44
-18 45
-18 46
-18 47
-18 48
-18 49
-18 5
-18 50
-18 51
-18 52
-18 53
-18 54
-18 55
-18 56
-18 57
-18 58
-18 59
-18 6
-18 60
-18 61
-18 62
-18 63
-18 64
-18 7
-18 8
-18 9
-19 -1
-19 -10
-19 -11
-19 -2
-19 -3
-19 -4
-19 -5
-19 -6
-19 -7
-19 -8
-19 -9
-19 0
-19 1
-19 10
-19 11
-19 12
-19 13
-19 14
-19 15
-19 16
-19 17
-19 18
-19 19
-19 2
-19 20
-19 21
-19 22
-19 23
-19 24
-19 25
-19 26
-19 27
-19 28
-19 29
-19 3
-19 32
-19 33
-19 34
-19 35
-19 36
-19 37
-19 38
-19 39
-19 4
-19 40
-19 41
-19 42
-19 43
-19 44
-19 45
-19 46
-19 47
-19 48
-19 49
-19 5
-19 50
-19 51
-19 52
-19 53
-19 54
-19 55
-19 56
-19 57
-19 58
-19 59
-19 6
-19 60
-19 61
-19 62
-19 63
-19 7
-19 8
-19 9
-2 -1
-2 -10
-2 -15
-2 -16
-2 -17
-2 -18
-2 -19
-2 -2
-2 -20
-2 -21
-2 -22
-2 -23
-2 -24
-2 -25
-2 -26
-2 -27
-2 -28
-2 -29
-2 -3
-2 -4
-2 -5
-2 -6
-2 -7
-2 -8
-2 -9
-2 0
-2 1
-2 10
-2 11
-2 12
-2 13
-2 14
-2 15
-2 16
-2 17
-2 18
-2 19
-2 2
-2 20
-2 21
-2 22
-2 23
-2 24
-2 25
-2 26
-2 27
-2 28
-2 29
-2 3
-2 30
-2 31
-2 32
-2 33
-2 34
-2 4
-2 5
-2 6
-2 7
-2 8
-2 9
-20 -1
-20 -2
-20 -3
-20 -4
-20 -5
-20 -6
-20 -7
-20 -8
-20 -9
-20 0
-20 1
-20 10
-20 11
-20 12
-20 13
-20 14
-20 15
-20 16
-20 17
-20 18
-20 19
-20 2
-20 20
-20 21
-20 22
-20 23
-20 24
-20 25
-20 26
-20 27
-20 28
-20 29
-20 3
-20 32
-20 33
-20 34
-20 35
-20 36
-20 37
-20 38
-20 39
-20 4
-20 40
-20 41
-20 42
-20 43
-20 44
-20 45
-20 46
-20 47
-20 48
-20 49
-20 5
-20 50
-20 51
-20 52
-20 53
-20 54
-20 55
-20 56
-20 57
-20 58
-20 59
-20 6
-20 60
-20 61
-20 62
-20 63
-20 7
-20 8
-20 9
-21 -1
-21 -2
-21 -3
-21 -4
-21 -5
-21 -6
-21 0
-21 1
-21 10
-21 11
-21 12
-21 13
-21 14
-21 15
-21 16
-21 17
-21 18
-21 19
-21 2
-21 20
-21 21
-21 22
-21 23
-21 24
-21 25
-21 26
-21 27
-21 28
-21 3
-21 32
-21 33
-21 34
-21 35
-21 36
-21 37
-21 38
-21 39
-21 4
-21 40
-21 41
-21 42
-21 43
-21 44
-21 45
-21 46
-21 47
-21 48
-21 49
-21 5
-21 50
-21 51
-21 52
-21 53
-21 54
-21 55
-21 56
-21 57
-21 58
-21 59
-21 6
-21 60
-21 61
-21 62
-21 7
-21 8
-21 9
-22 -1
-22 -2
-22 -3
-22 -4
-22 -5
-22 -6
-22 0
-22 1
-22 10
-22 11
-22 12
-22 13
-22 14
-22 15
-22 16
-22 17
-22 18
-22 19
-22 2
-22 20
-22 21
-22 22
-22 23
-22 24
-22 25
-22 26
-22 27
-22 3
-22 31
-22 32
-22 33
-22 34
-22 35
-22 36
-22 37
-22 38
-22 39
-22 4
-22 40
-22 41
-22 42
-22 43
-22 44
-22 45
-22 46
-22 47
-22 48
-22 49
-22 5
-22 50
-22 51
-22 52
-22 53
-22 54
-22 55
-22 56
-22 57
-22 58
-22 59
-22 6
-22 60
-22 61
-22 62
-22 7
-22 8
-22 9
-23 -1
-23 -2
-23 -3
-23 -4
-23 -5
-23 -6
-23 0
-23 1
-23 10
-23 11
-23 12
-23 13
-23 14
-23 15
-23 16
-23 17
-23 18
-23 19
-23 2
-23 20
-23 21
-23 22
-23 23
-23 24
-23 25
-23 26
-23 3
-23 31
-23 32
-23 33
-23 34
-23 35
-23 36
-23 37
-23 38
-23 39
-23 4
-23 40
-23 41
-23 42
-23 43
-23 44
-23 45
-23 46
-23 47
-23 48
-23 49
-23 5
-23 50
-23 51
-23 52
-23 53
-23 54
-23 55
-23 56
-23 57
-23 58
-23 59
-23 6
-23 60
-23 61
-23 62
-23 7
-23 8
-23 9
-24 -1
-24 -2
-24 -3
-24 -4
-24 -5
-24 -6
-24 0
-24 1
-24 10
-24 11
-24 12
-24 13
-24 14
-24 15
-24 16
-24 17
-24 18
-24 19
-24 2
-24 20
-24 21
-24 22
-24 23
-24 24
-24 25
-24 3
-24 31
-24 32
-24 33
-24 34
-24 35
-24 36
-24 37
-24 38
-24 39
-24 4
-24 40
-24 41
-24 42
-24 47
-24 48
-24 49
-24 5
-24 50
-24 51
-24 52
-24 53
-24 54
-24 55
-24 56
-24 57
-24 58
-24 59
-24 6
-24 60
-24 61
-24 62
-24 63
-24 7
-24 8
-24 9
-25 -1
-25 -2
-25 -3
-25 -4
-25 -5
-25 -6
-25 0
-25 1
-25 10
-25 11
-25 12
-25 13
-25 14
-25 15
-25 16
-25 17
-25 18
-25 19
-25 2
-25 20
-25 21
-25 22
-25 23
-25 24
-25 25
-25 3
-25 31
-25 32
-25 33
-25 34
-25 35
-25 36
-25 37
-25 38
-25 39
-25 4
-25 40
-25 41
-25 42
-25 49
-25 5
-25 50
-25 51
-25 52
-25 53
-25 54
-25 55
-25 56
-25 57
-25 58
-25 59
-25 6
-25 60
-25 61
-25 62
-25 63
-25 7
-25 8
-25 9
-26 -1
-26 -2
-26 -3
-26 -4
-26 -5
-26 -6
-26 0
-26 1
-26 10
-26 11
-26 12
-26 13
-26 14
-26 15
-26 16
-26 17
-26 18
-26 19
-26 2
-26 20
-26 21
-26 22
-26 23
-26 24
-26 3
-26 31
-26 32
-26 33
-26 34
-26 35
-26 36
-26 37
-26 38
-26 39
-26 4
-26 40
-26 41
-26 42
-26 5
-26 52
-26 53
-26 54
-26 55
-26 56
-26 57
-26 58
-26 59
-26 6
-26 60
-26 61
-26 62
-26 63
-26 7
-26 8
-26 9
-27 -1
-27 -2
-27 -3
-27 -4
-27 -5
-27 0
-27 1
-27 14
-27 15
-27 16
-27 17
-27 18
-27 19
-27 2
-27 20
-27 21
-27 22
-27 23
-27 24
-27 3
-27 32
-27 33
-27 34
-27 35
-27 36
-27 37
-27 38
-27 39
-27 4
-27 40
-27 41
-27 42
-27 5
-27 52
-27 53
-27 54
-27 55
-27 56
-27 57
-27 58
-27 59
-27 6
-27 60
-27 61
-27 62
-27 63
-27 7
-27 8
-27 9
-28 -1
-28 -2
-28 -3
-28 -4
-28 -5
-28 0
-28 1
-28 14
-28 15
-28 16
-28 17
-28 18
-28 19
-28 2
-28 20
-28 21
-28 22
-28 23
-28 24
-28 3
-28 32
-28 33
-28 34
-28 35
-28 36
-28 37
-28 38
-28 39
-28 4
-28 40
-28 41
-28 42
-28 5
-28 52
-28 53
-28 54
-28 55
-28 56
-28 57
-28 58
-28 59
-28 6
-28 60
-28 61
-28 62
-28 63
-28 7
-29 -1
-29 -2
-29 -3
-29 -4
-29 -5
-29 0
-29 1
-29 14
-29 15
-29 16
-29 17
-29 18
-29 19
-29 2
-29 20
-29 21
-29 22
-29 23
-29 24
-29 3
-29 33
-29 34
-29 35
-29 36
-29 37
-29 38
-29 39
-29 4
-29 40
-29 41
-29 5
-29 52
-29 53
-29 54
-29 55
-29 56
-29 57
-29 58
-29 59
-29 60
-29 61
-29 62
-3 -1
-3 -10
-3 -17
-3 -18
-3 -19
-3 -2
-3 -20
-3 -21
-3 -23
-3 -24
-3 -25
-3 -26
-3 -27
-3 -3
-3 -4
-3 -5
-3 -6
-3 -7
-3 -8
-3 -9
-3 0
-3 1
-3 10
-3 11
-3 12
-3 13
-3 14
-3 15
-3 16
-3 17
-3 18
-3 19
-3 2
-3 20
-3 21
-3 22
-3 23
-3 24
-3 25
-3 26
-3 27
-3 28
-3 29
-3 3
-3 30
-3 31
-3 32
-3 33
-3 34
-3 4
-3 49
-3 5
-3 50
-3 51
-3 52
-3 53
-3 54
-3 55
-3 56
-3 57
-3 58
-3 59
-3 6
-3 60
-3 61
-3 7
-3 8
-3 9
-30 -1
-30 -2
-30 -3
-30 -4
-30 0
-30 1
-30 14
-30 15
-30 16
-30 17
-30 18
-30 19
-30 2
-30 20
-30 21
-30 22
-30 23
-30 24
-30 3
-30 33
-30 34
-30 35
-30 36
-30 37
-30 38
-30 39
-30 4
-30 40
-30 41
-30 5
-30 52
-30 53
-30 54
-30 55
-30 56
-30 57
-30 58
-30 59
-30 60
-30 61
-30 62
-31 -1
-31 -2
-31 -3
-31 -4
-31 0
-31 1
-31 14
-31 15
-31 16
-31 17
-31 18
-31 19
-31 2
-31 20
-31 21
-31 22
-31 23
-31 24
-31 25
-31 26
-31 3
-31 35
-31 36
-31 37
-31 38
-31 39
-31 4
-31 5
-31 52
-31 53
-31 54
-31 55
-31 56
-31 57
-31 58
-31 59
-31 6
-31 60
-31 61
-31 62
-31 7
-32 -1
-32 -2
-32 0
-32 1
-32 14
-32 15
-32 16
-32 17
-32 18
-32 19
-32 2
-32 20
-32 21
-32 22
-32 23
-32 24
-32 25
-32 26
-32 3
-32 4
-32 5
-32 52
-32 53
-32 54
-32 55
-32 56
-32 57
-32 58
-32 59
-32 6
-32 60
-32 61
-32 62
-32 7
-33 -1
-33 -2
-33 0
-33 1
-33 14
-33 15
-33 16
-33 17
-33 18
-33 19
-33 2
-33 20
-33 21
-33 22
-33 23
-33 24
-33 25
-33 26
-33 27
-33 3
-33 4
-33 5
-33 52
-33 53
-33 54
-33 55
-33 56
-33 57
-33 58
-33 59
-33 6
-33 60
-33 61
-33 62
-33 63
-33 64
-33 65
-33 7
-33 8
-34 -1
-34 -2
-34 0
-34 1
-34 12
-34 13
-34 14
-34 15
-34 16
-34 17
-34 18
-34 19
-34 2
-34 20
-34 21
-34 22
-34 23
-34 24
-34 25
-34 26
-34 27
-34 3
-34 4
-34 5
-34 52
-34 53
-34 54
-34 55
-34 56
-34 57
-34 58
-34 59
-34 6
-34 60
-34 61
-34 62
-34 63
-34 64
-34 65
-34 66
-34 67
-34 68
-34 69
-34 7
-34 70
-34 71
-34 8
-35 -1
-35 -2
-35 0
-35 1
-35 12
-35 13
-35 14
-35 15
-35 16
-35 17
-35 18
-35 19
-35 2
-35 20
-35 21
-35 22
-35 23
-35 24
-35 25
-35 26
-35 27
-35 3
-35 4
-35 5
-35 52
-35 53
-35 54
-35 55
-35 56
-35 57
-35 58
-35 59
-35 6
-35 60
-35 61
-35 62
-35 63
-35 64
-35 65
-35 66
-35 67
-35 68
-35 69
-35 7
-35 70
-35 71
-35 72
-35 73
-35 8
-36 -1
-36 -2
-36 0
-36 1
-36 10
-36 11
-36 12
-36 13
-36 14
-36 15
-36 16
-36 17
-36 18
-36 19
-36 2
-36 20
-36 21
-36 22
-36 23
-36 24
-36 25
-36 26
-36 27
-36 3
-36 4
-36 5
-36 52
-36 53
-36 54
-36 55
-36 56
-36 57
-36 58
-36 59
-36 6
-36 60
-36 61
-36 62
-36 63
-36 64
-36 65
-36 66
-36 67
-36 68
-36 69
-36 7
-36 70
-36 71
-36 72
-36 73
-36 8
-37 -1
-37 -2
-37 0
-37 1
-37 10
-37 11
-37 12
-37 13
-37 14
-37 15
-37 16
-37 17
-37 18
-37 19
-37 2
-37 20
-37 21
-37 22
-37 23
-37 24
-37 25
-37 26
-37 27
-37 3
-37 4
-37 5
-37 52
-37 53
-37 54
-37 55
-37 56
-37 57
-37 58
-37 59
-37 6
-37 60
-37 61
-37 62
-37 63
-37 64
-37 65
-37 66
-37 67
-37 68
-37 69
-37 7
-37 70
-37 71
-37 72
-37 73
-37 74
-37 8
-38 -1
-38 0
-38 1
-38 10
-38 11
-38 12
-38 13
-38 14
-38 15
-38 16
-38 17
-38 18
-38 19
-38 2
-38 20
-38 21
-38 22
-38 23
-38 24
-38 25
-38 26
-38 27
-38 3
-38 4
-38 5
-38 52
-38 53
-38 54
-38 55
-38 56
-38 57
-38 58
-38 59
-38 6
-38 60
-38 61
-38 62
-38 63
-38 64
-38 65
-38 66
-38 67
-38 68
-38 69
-38 7
-38 70
-38 71
-38 72
-38 73
-38 74
-38 8
-38 9
-39 -1
-39 0
-39 1
-39 10
-39 11
-39 12
-39 13
-39 14
-39 15
-39 16
-39 17
-39 18
-39 19
-39 2
-39 20
-39 21
-39 22
-39 23
-39 24
-39 25
-39 26
-39 27
-39 3
-39 4
-39 5
-39 52
-39 53
-39 54
-39 55
-39 56
-39 57
-39 58
-39 59
-39 6
-39 60
-39 61
-39 62
-39 63
-39 64
-39 65
-39 66
-39 67
-39 68
-39 69
-39 7
-39 70
-39 71
-39 72
-39 73
-39 74
-39 8
-39 9
-4 -1
-4 -10
-4 -2
-4 -3
-4 -4
-4 -5
-4 -6
-4 -7
-4 -8
-4 -9
-4 0
-4 1
-4 10
-4 11
-4 12
-4 13
-4 14
-4 15
-4 16
-4 17
-4 18
-4 19
-4 2
-4 20
-4 21
-4 22
-4 23
-4 24
-4 25
-4 26
-4 27
-4 28
-4 29
-4 3
-4 30
-4 31
-4 32
-4 33
-4 34
-4 35
-4 4
-4 47
-4 48
-4 49
-4 5
-4 50
-4 51
-4 52
-4 53
-4 54
-4 55
-4 56
-4 57
-4 58
-4 59
-4 6
-4 60
-4 61
-4 62
-4 63
-4 7
-4 8
-4 9
-40 1
-40 10
-40 11
-40 12
-40 13
-40 14
-40 15
-40 16
-40 17
-40 18
-40 19
-40 2
-40 20
-40 21
-40 22
-40 23
-40 24
-40 25
-40 26
-40 3
-40 4
-40 5
-40 53
-40 54
-40 55
-40 56
-40 57
-40 58
-40 59
-40 6
-40 60
-40 61
-40 62
-40 63
-40 64
-40 65
-40 66
-40 67
-40 68
-40 69
-40 7
-40 70
-40 71
-40 72
-40 73
-40 74
-40 8
-40 9
-41 10
-41 11
-41 12
-41 13
-41 14
-41 15
-41 16
-41 17
-41 18
-41 19
-41 20
-41 21
-41 22
-41 23
-41 24
-41 25
-41 26
-41 5
-41 53
-41 54
-41 55
-41 56
-41 57
-41 58
-41 59
-41 6
-41 60
-41 61
-41 62
-41 63
-41 64
-41 65
-41 66
-41 67
-41 68
-41 69
-41 7
-41 70
-41 71
-41 72
-41 73
-41 74
-41 8
-41 9
-42 10
-42 11
-42 12
-42 13
-42 14
-42 15
-42 16
-42 17
-42 18
-42 19
-42 20
-42 21
-42 22
-42 23
-42 24
-42 5
-42 54
-42 55
-42 56
-42 57
-42 58
-42 59
-42 6
-42 60
-42 61
-42 62
-42 63
-42 64
-42 65
-42 66
-42 67
-42 68
-42 69
-42 7
-42 70
-42 71
-42 72
-42 73
-42 8
-42 9
-43 10
-43 11
-43 12
-43 13
-43 14
-43 15
-43 16
-43 17
-43 18
-43 19
-43 20
-43 21
-43 4
-43 5
-43 56
-43 57
-43 58
-43 59
-43 6
-43 60
-43 61
-43 62
-43 63
-43 64
-43 65
-43 66
-43 67
-43 68
-43 69
-43 7
-43 70
-43 71
-43 72
-43 73
-43 8
-43 9
-44 10
-44 11
-44 12
-44 13
-44 14
-44 15
-44 16
-44 17
-44 18
-44 19
-44 2
-44 20
-44 3
-44 4
-44 5
-44 6
-44 61
-44 62
-44 63
-44 64
-44 65
-44 66
-44 67
-44 68
-44 69
-44 7
-44 70
-44 71
-44 8
-44 9
-45 10
-45 11
-45 12
-45 13
-45 14
-45 15
-45 16
-45 17
-45 18
-45 19
-45 2
-45 3
-45 4
-45 5
-45 6
-45 7
-45 8
-45 9
-46 1
-46 10
-46 11
-46 12
-46 13
-46 14
-46 15
-46 16
-46 17
-46 18
-46 2
-46 3
-46 4
-46 5
-46 6
-46 7
-46 8
-46 9
-47 1
-47 10
-47 11
-47 12
-47 13
-47 14
-47 15
-47 16
-47 17
-47 18
-47 2
-47 3
-47 4
-47 5
-47 6
-47 7
-47 8
-47 9
-48 1
-48 10
-48 11
-48 12
-48 13
-48 14
-48 15
-48 16
-48 2
-48 3
-48 4
-48 5
-48 6
-48 7
-48 8
-48 9
-49 1
-49 10
-49 11
-49 12
-49 13
-49 14
-49 15
-49 16
-49 2
-49 3
-49 4
-49 5
-49 6
-49 7
-49 8
-49 9
-5 -1
-5 -10
-5 -2
-5 -3
-5 -4
-5 -5
-5 -6
-5 -7
-5 -8
-5 -9
-5 0
-5 1
-5 10
-5 11
-5 12
-5 13
-5 14
-5 15
-5 16
-5 17
-5 18
-5 19
-5 2
-5 20
-5 21
-5 22
-5 23
-5 24
-5 25
-5 26
-5 27
-5 28
-5 29
-5 3
-5 30
-5 31
-5 32
-5 33
-5 34
-5 35
-5 4
-5 47
-5 48
-5 49
-5 5
-5 50
-5 51
-5 52
-5 53
-5 54
-5 55
-5 56
-5 57
-5 58
-5 59
-5 6
-5 60
-5 61
-5 62
-5 63
-5 7
-5 8
-5 9
-50 1
-50 10
-50 11
-50 12
-50 13
-50 14
-50 2
-50 3
-50 4
-50 5
-50 6
-50 7
-50 8
-50 9
-51 1
-51 10
-51 11
-51 12
-51 13
-51 2
-51 3
-51 4
-51 5
-51 6
-51 7
-51 8
-51 9
-52 1
-52 10
-52 11
-52 12
-52 13
-52 2
-52 3
-52 4
-52 5
-52 6
-52 7
-52 8
-52 9
-53 1
-53 10
-53 11
-53 2
-53 3
-53 4
-53 5
-53 6
-53 7
-53 8
-53 9
-54 1
-54 10
-54 11
-54 12
-54 13
-54 2
-54 3
-54 4
-54 5
-54 6
-54 7
-54 8
-54 9
-55 1
-55 10
-55 11
-55 12
-55 13
-55 2
-55 3
-55 4
-55 5
-55 6
-55 7
-55 8
-55 9
-56 1
-56 10
-56 11
-56 12
-56 13
-56 14
-56 2
-56 3
-56 4
-56 5
-56 6
-56 7
-56 8
-56 9
-57 1
-57 10
-57 11
-57 12
-57 13
-57 14
-57 2
-57 3
-57 4
-57 5
-57 6
-57 7
-57 8
-57 9
-58 1
-58 10
-58 11
-58 12
-58 13
-58 14
-58 2
-58 3
-58 4
-58 5
-58 6
-58 7
-58 8
-58 9
-59 1
-59 10
-59 11
-59 12
-59 13
-59 14
-59 2
-59 3
-59 4
-59 5
-59 6
-59 7
-59 8
-59 9
-6 -1
-6 -10
-6 -2
-6 -3
-6 -4
-6 -5
-6 -6
-6 -7
-6 -8
-6 -9
-6 0
-6 1
-6 10
-6 11
-6 12
-6 13
-6 14
-6 15
-6 16
-6 17
-6 18
-6 19
-6 2
-6 20
-6 21
-6 22
-6 23
-6 24
-6 25
-6 26
-6 27
-6 28
-6 29
-6 3
-6 30
-6 31
-6 32
-6 33
-6 34
-6 35
-6 36
-6 4
-6 46
-6 47
-6 48
-6 49
-6 5
-6 50
-6 51
-6 52
-6 53
-6 54
-6 55
-6 56
-6 57
-6 58
-6 59
-6 6
-6 60
-6 61
-6 62
-6 63
-6 64
-6 7
-6 8
-6 9
-60 1
-60 10
-60 11
-60 12
-60 13
-60 14
-60 2
-60 3
-60 4
-60 5
-60 6
-60 7
-60 8
-60 9
-61 10
-61 11
-61 12
-61 13
-61 2
-61 3
-61 4
-61 5
-61 6
-61 7
-61 8
-61 9
-62 10
-62 11
-62 12
-62 13
-62 2
-62 3
-62 4
-62 5
-62 6
-62 7
-62 8
-62 9
-63 10
-63 11
-63 4
-63 5
-63 6
-63 7
-63 8
-63 9
-7 -1
-7 -10
-7 -2
-7 -3
-7 -4
-7 -5
-7 -6
-7 -7
-7 -8
-7 -9
-7 0
-7 1
-7 10
-7 11
-7 12
-7 13
-7 14
-7 15
-7 16
-7 17
-7 18
-7 19
-7 2
-7 20
-7 21
-7 22
-7 23
-7 24
-7 25
-7 26
-7 27
-7 28
-7 29
-7 3
-7 30
-7 31
-7 32
-7 33
-7 34
-7 35
-7 36
-7 4
-7 46
-7 47
-7 48
-7 49
-7 5
-7 50
-7 51
-7 52
-7 53
-7 54
-7 55
-7 56
-7 57
-7 58
-7 59
-7 6
-7 60
-7 61
-7 62
-7 63
-7 64
-7 7
-7 8
-7 9
-8 -1
-8 -10
-8 -2
-8 -3
-8 -4
-8 -5
-8 -6
-8 -7
-8 -8
-8 -9
-8 0
-8 1
-8 10
-8 11
-8 12
-8 13
-8 14
-8 15
-8 16
-8 17
-8 18
-8 19
-8 2
-8 20
-8 21
-8 22
-8 23
-8 24
-8 25
-8 26
-8 27
-8 28
-8 29
-8 3
-8 30
-8 31
-8 32
-8 33
-8 34
-8 35
-8 36
-8 4
-8 46
-8 47
-8 48
-8 49
-8 5
-8 50
-8 51
-8 52
-8 53
-8 54
-8 55
-8 56
-8 57
-8 58
-8 59
-8 6
-8 60
-8 61
-8 62
-8 63
-8 64
-8 7
-8 8
-8 9
-9 -1
-9 -10
-9 -2
-9 -3
-9 -4
-9 -5
-9 -6
-9 -7
-9 -8
-9 -9
-9 0
-9 1
-9 10
-9 11
-9 12
-9 13
-9 14
-9 15
-9 16
-9 17
-9 18
-9 19
-9 2
-9 20
-9 21
-9 22
-9 23
-9 24
-9 25
-9 26
-9 27
-9 28
-9 29
-9 3
-9 30
-9 31
-9 32
-9 33
-9 34
-9 35
-9 36
-9 4
-9 46
-9 47
-9 48
-9 49
-9 5
-9 50
-9 51
-9 52
-9 53
-9 54
-9 55
-9 56
-9 57
-9 58
-9 59
-9 6
-9 60
-9 61
-9 62
-9 63
-9 64
-9 7
-9 8
-9 9
0 -1
0 -10
0 -14
0 -15
0 -16
0 -17
0 -18
0 -19
0 -2
0 -20
0 -21
0 -22
0 -23
0 -24
0 -25
0 -26
0 -27
0 -28
0 -29
0 -3
0 -30
0 -31
0 -32
0 -33
0 -34
0 -35
0 -36
0 -37
0 -38
0 -39
0 -4
0 -40
0 -41
0 -42
0 -5
0 -6
0 -7
0 -8
0 -9
0 0
0 1
0 10
0 11
0 12
0 13
0 14
0 15
0 16
0 17
0 18
0 19
0 2
0 20
0 21
0 22
0 23
0 24
0 25
0 26
0 27
0 28
0 29
0 3
0 30
0 31
0 32
0 33
0 34
0 35
0 4
0 5
0 6
0 7
0 8
0 9
1 -1
1 -10
1 -14
1 -15
1 -16
1 -17
1 -18
1 -19
1 -2
1 -20
1 -21
1 -22
1 -23
1 -24
1 -25
1 -26
1 -27
1 -28
1 -29
1 -3
1 -30
1 -31
1 -32
1 -33
1 -34
1 -35
1 -36
1 -37
1 -38
1 -39
1 -4
1 -40
1 -41
1 -42
1 -43
1 -44
1 -5
1 -6
1 -7
1 -8
1 -9
1 0
1 1
1 10
1 11
1 12
1 13
1 14
1 15
1 16
1 17
1 18
1 19
1 2
1 20
1 21
1 22
1 23
1 24
1 25
1 26
1 27
1 28
1 29
1 3
1 30
1 31
1 32
1 33
1 34
1 35
1 4
1 5
1 6
1 7
1 8
1 9
10 -1
10 -10
10 -11
10 -12
10 -13
10 -14
10 -15
10 -16
10 -17
10 -18
10 -19
10 -2
10 -20
10 -21
10 -22
10 -23
10 -24
10 -25
10 -26
10 -27
10 -28
10 -29
10 -3
10 -30
10 -31
10 -32
10 -33
10 -34
10 -35
10 -36
10 -37
10 -38
10 -39
10 -4
10 -40
10 -41
10 -42
10 -43
10 -44
10 -45
10 -5
10 -6
10 -7
10 -8
10 -9
10 0
10 1
10 10
10 11
10 12
10 13
10 14
10 15
10 16
10 17
10 18
10 19
10 2
10 20
10 21
10 22
10 23
10 24
10 25
10 26
10 27
10 28
10 29
10 3
10 30
10 31
10 32
10 33
10 34
10 35
10 4
10 5
10 6
10 7
10 8
10 9
11 -1
11 -10
11 -11
11 -12
11 -13
11 -14
11 -15
11 -16
11 -17
11 -18
11 -19
11 -2
11 -20
11 -21
11 -22
11 -23
11 -24
11 -25
11 -26
11 -27
11 -28
11 -29
11 -3
11 -30
11 -31
11 -32
11 -33
11 -34
11 -35
11 -36
11 -37
11 -38
11 -39
11 -4
11 -40
11 -41
11 -42
11 -43
11 -44
11 -45
11 -5
11 -6
11 -7
11 -8
11 -9
11 0
11 1
11 10
11 11
11 12
11 13
11 14
11 15
11 16
11 17
11 18
11 19
11 2
11 20
11 21
11 22
11 23
11 24
11 25
11 26
11 27
11 28
11 29
11 3
11 30
11 31
11 32
11 33
11 34
11 35
11 4
11 5
11 6
11 7
11 8
11 9
12 -1
12 -10
12 -11
12 -12
12 -13
12 -14
12 -15
12 -16
12 -17
12 -18
12 -19
12 -2
12 -20
12 -21
12 -22
12 -23
12 -24
12 -25
12 -26
12 -27
12 -28
12 -29
12 -3
12 -30
12 -31
12 -32
12 -33
12 -34
12 -35
12 -36
12 -37
12 -38
12 -39
12 -4
12 -40
12 -41
12 -42
12 -43
12 -44
12 -45
12 -5
12 -6
12 -7
12 -8
12 -9
12 0
12 1
12 10
12 11
12 12
12 13
12 14
12 15
12 16
12 17
12 18
12 19
12 2
12 20
12 21
12 22
12 23
12 24
12 25
12 26
12 27
12 28
12 29
12 3
12 30
12 31
12 32
12 33
12 34
12 4
12 5
12 6
12 7
12 8
12 9
13 -1
13 -10
13 -11
13 -12
13 -13
13 -14
13 -15
13 -16
13 -17
13 -18
13 -19
13 -2
13 -20
13 -21
13 -22
13 -23
13 -24
13 -25
13 -26
13 -27
13 -28
13 -29
13 -3
13 -30
13 -31
13 -32
13 -33
13 -34
13 -35
13 -36
13 -37
13 -38
13 -39
13 -4
13 -40
13 -41
13 -42
13 -43
13 -44
13 -45
13 -5
13 -6
13 -7
13 -8
13 -9
13 0
13 1
13 10
13 11
13 12
13 13
13 14
13 15
13 16
13 17
13 18
13 19
13 2
13 20
13 21
13 22
13 23
13 24
13 25
13 26
13 28
13 29
13 3
13 30
13 31
13 32
13 4
13 5
13 6
13 7
13 8
13 9
14 -1
14 -10
14 -11
14 -12
14 -13
14 -14
14 -15
14 -16
14 -17
14 -18
14 -19
14 -2
14 -20
14 -21
14 -22
14 -23
14 -24
14 -25
14 -26
14 -27
14 -28
14 -29
14 -3
14 -30
14 -31
14 -32
14 -33
14 -34
14 -35
14 -36
14 -37
14 -38
14 -39
14 -4
14 -40
14 -41
14 -42
14 -43
14 -44
14 -45
14 -5
14 -6
14 -7
14 -8
14 -9
14 0
14 1
14 10
14 11
14 12
14 13
14 14
14 15
14 16
14 17
14 18
14 19
14 2
14 20
14 21
14 22
14 23
14 24
14 3
14 4
14 5
14 6
14 7
14 8
14 9
15 -1
15 -10
15 -11
15 -12
15 -13
15 -14
15 -15
15 -16
15 -17
15 -18
15 -19
15 -2
15 -20
15 -21
15 -22
15 -23
15 -24
15 -25
15 -26
15 -27
15 -28
15 -29
15 -3
15 -30
15 -31
15 -32
15 -33
15 -34
15 -35
15 -36
15 -37
15 -38
15 -39
15 -4
15 -40
15 -41
15 -42
15 -43
15 -44
15 -45
15 -5
15 -6
15 -7
15 -8
15 -9
15 0
15 1
15 10
15 11
15 12
15 13
15 14
15 15
15 16
15 17
15 18
15 19
15 2
15 20
15 21
15 22
15 23
15 3
15 4
15 5
15 6
15 7
15 8
15 9
16 -1
16 -10
16 -11
16 -12
16 -13
16 -14
16 -15
16 -16
16 -17
16 -18
16 -19
16 -2
16 -20
16 -21
16 -22
16 -23
16 -24
16 -25
16 -26
16 -27
16 -28
16 -29
16 -3
16 -30
16 -31
16 -32
16 -33
16 -34
16 -35
16 -36
16 -37
16 -38
16 -39
16 -4
16 -40
16 -41
16 -42
16 -43
16 -44
16 -45
16 -5
16 -6
16 -7
16 -8
16 -9
16 0
16 1
16 10
16 11
16 12
16 13
16 14
16 15
16 16
16 17
16 18
16 19
16 2
16 20
16 21
16 3
16 4
16 5
16 6
16 7
16 8
16 9
17 -1
17 -10
17 -11
17 -12
17 -13
17 -14
17 -15
17 -16
17 -17
17 -18
17 -19
17 -2
17 -20
17 -21
17 -22
17 -23
17 -24
17 -25
17 -26
17 -27
17 -28
17 -29
17 -3
17 -30
17 -31
17 -32
17 -33
17 -34
17 -35
17 -36
17 -37
17 -38
17 -39
17 -4
17 -40
17 -41
17 -42
17 -43
17 -44
17 -45
17 -5
17 -6
17 -7
17 -8
17 -9
17 0
17 1
17 10
17 11
17 12
17 13
17 14
17 15
17 16
17 17
17 18
17 19
17 2
17 20
17 3
17 4
17 5
17 6
17 7
17 8
17 9
18 -1
18 -10
18 -11
18 -12
18 -13
18 -14
18 -15
18 -16
18 -17
18 -18
18 -19
18 -2
18 -20
18 -21
18 -22
18 -23
18 -24
18 -25
18 -26
18 -27
18 -28
18 -29
18 -3
18 -30
18 -31
18 -32
18 -33
18 -34
18 -35
18 -36
18 -37
18 -38
18 -39
18 -4
18 -40
18 -41
18 -42
18 -43
18 -44
18 -45
18 -5
18 -6
18 -7
18 -8
18 -9
18 0
18 1
18 10
18 11
18 12
18 13
18 14
18 15
18 16
18 17
18 18
18 19
18 2
18 20
18 3
18 4
18 5
18 6
18 7
18 8
18 9
19 -1
19 -10
19 -11
19 -12
19 -13
19 -14
19 -15
19 -16
19 -17
19 -18
19 -19
19 -2
19 -20
19 -21
19 -22
19 -23
19 -24
19 -25
19 -26
19 -27
19 -28
19 -29
19 -3
19 -30
19 -31
19 -32
19 -33
19 -34
19 -35
19 -36
19 -37
19 -38
19 -39
19 -4
19 -40
19 -41
19 -42
19 -43
19 -44
19 -45
19 -5
19 -6
19 -7
19 -8
19 -9
19 0
19 1
19 10
19 11
19 12
19 13
19 14
19 15
19 16
19 17
19 18
19 19
19 2
19 20
19 3
19 4
19 5
19 6
19 7
19 8
19 9
2 -1
2 -10
2 -14
2 -15
2 -16
2 -17
2 -18
2 -19
2 -2
2 -20
2 -21
2 -22
2 -23
2 -24
2 -25
2 -26
2 -27
2 -28
2 -29
2 -3
2 -30
2 -31
2 -32
2 -33
2 -34
2 -35
2 -36
2 -37
2 -38
2 -39
2 -4
2 -40
2 -41
2 -42
2 -43
2 -44
2 -5
2 -6
2 -7
2 -8
2 -9
2 0
2 1
2 10
2 11
2 12
2 13
2 14
2 15
2 16
2 17
2 18
2 19
2 2
2 20
2 21
2 22
2 23
2 24
2 25
2 26
2 27
2 28
2 29
2 3
2 30
2 31
2 32
2 33
2 34
2 35
2 4
2 5
2 6
2 7
2 8
2 9
20 -1
20 -10
20 -11
20 -12
20 -13
20 -14
20 -15
20 -16
20 -17
20 -18
20 -19
20 -2
20 -20
20 -21
20 -22
20 -23
20 -24
20 -25
20 -26
20 -27
20 -28
20 -29
20 -3
20 -30
20 -31
20 -32
20 -33
20 -34
20 -35
20 -36
20 -37
20 -38
20 -39
20 -4
20 -40
20 -41
20 -42
20 -43
20 -44
20 -45
20 -5
20 -6
20 -7
20 -8
20 -9
20 0
20 1
20 10
20 11
20 12
20 13
20 14
20 15
20 16
20 17
20 18
20 19
20 2
20 20
20 3
20 4
20 5
20 6
20 7
20 8
20 9
21 -1
21 -10
21 -11
21 -12
21 -13
21 -14
21 -15
21 -16
21 -17
21 -18
21 -19
21 -2
21 -20
21 -21
21 -22
21 -23
21 -24
21 -25
21 -26
21 -27
21 -28
21 -29
21 -3
21 -30
21 -31
21 -32
21 -33
21 -34
21 -35
21 -36
21 -37
21 -38
21 -39
21 -4
21 -40
21 -41
21 -42
21 -43
21 -44
21 -45
21 -5
21 -6
21 -7
21 -8
21 -9
21 0
21 1
21 10
21 11
21 12
21 13
21 14
21 15
21 16
21 17
21 18
21 19
21 2
21 20
21 3
21 4
21 5
21 6
21 7
21 8
21 9
22 -1
22 -10
22 -11
22 -12
22 -13
22 -14
22 -15
22 -16
22 -17
22 -18
22 -19
22 -2
22 -20
22 -21
22 -22
22 -23
22 -24
22 -25
22 -26
22 -27
22 -28
22 -29
22 -3
22 -30
22 -31
22 -32
22 -33
22 -34
22 -35
22 -36
22 -37
22 -38
22 -39
22 -4
22 -40
22 -41
22 -42
22 -43
22 -44
22 -45
22 -5
22 -6
22 -7
22 -8
22 -9
22 0
22 1
22 10
22 11
22 12
22 13
22 14
22 15
22 16
22 17
22 18
22 19
22 2
22 20
22 3
22 4
22 5
22 6
22 7
22 8
22 9
23 -1
23 -10
23 -11
23 -12
23 -13
23 -14
23 -15
23 -16
23 -17
23 -18
23 -19
23 -2
23 -20
23 -21
23 -22
23 -23
23 -24
23 -25
23 -26
23 -27
23 -28
23 -29
23 -3
23 -30
23 -31
23 -32
23 -33
23 -34
23 -35
23 -36
23 -37
23 -38
23 -39
23 -4
23 -40
23 -41
23 -42
23 -43
23 -44
23 -45
23 -5
23 -6
23 -7
23 -8
23 -9
23 0
23 1
23 10
23 11
23 12
23 13
23 14
23 15
23 16
23 17
23 18
23 19
23 2
23 20
23 3
23 4
23 5
23 6
23 7
23 8
23 9
24 -1
24 -10
24 -11
24 -12
24 -13
24 -14
24 -15
24 -16
24 -17
24 -18
24 -19
24 -2
24 -20
24 -21
24 -22
24 -23
24 -24
24 -25
24 -26
24 -27
24 -28
24 -29
24 -3
24 -30
24 -31
24 -32
24 -33
24 -34
24 -35
24 -36
24 -37
24 -38
24 -39
24 -4
24 -40
24 -41
24 -42
24 -43
24 -44
24 -5
24 -6
24 -7
24 -8
24 -9
24 0
24 1
24 10
24 11
24 12
24 13
24 14
24 15
24 16
24 17
24 18
24 19
24 2
24 20
24 21
24 22
24 23
24 24
24 3
24 4
24 5
24 6
24 7
24 8
24 9
25 -1
25 -10
25 -11
25 -12
25 -13
25 -14
25 -15
25 -16
25 -17
25 -18
25 -19
25 -2
25 -20
25 -21
25 -22
25 -23
25 -24
25 -25
25 -26
25 -27
25 -28
25 -29
25 -3
25 -30
25 -31
25 -32
25 -33
25 -34
25 -35
25 -36
25 -37
25 -38
25 -39
25 -4
25 -40
25 -41
25 -42
25 -43
25 -44
25 -5
25 -6
25 -7
25 -8
25 -9
25 0
25 1
25 10
25 11
25 12
25 13
25 14
25 15
25 16
25 17
25 18
25 19
25 2
25 20
25 21
25 22
25 23
25 24
25 25
25 26
25 3
25 4
25 5
25 6
25 7
25 8
25 9
26 -1
26 -10
26 -11
26 -12
26 -13
26 -14
26 -15
26 -16
26 -17
26 -18
26 -19
26 -2
26 -20
26 -21
26 -22
26 -23
26 -24
26 -25
26 -26
26 -27
26 -28
26 -29
26 -3
26 -30
26 -31
26 -32
26 -33
26 -34
26 -35
26 -36
26 -37
26 -38
26 -39
26 -4
26 -40
26 -41
26 -42
26 -5
26 -6
26 -7
26 -8
26 -9
26 0
26 1
26 10
26 11
26 12
26 13
26 14
26 15
26 16
26 17
26 18
26 19
26 2
26 20
26 21
26 22
26 23
26 24
26 25
26 26
26 3
26 4
26 5
26 6
26 7
26 8
26 9
27 -1
27 -10
27 -11
27 -12
27 -13
27 -14
27 -15
27 -16
27 -17
27 -18
27 -2
27 -3
27 -4
27 -5
27 -6
27 -7
27 -8
27 -9
27 0
27 1
27 10
27 11
27 12
27 13
27 14
27 15
27 16
27 17
27 18
27 19
27 2
27 20
27 21
27 22
27 23
27 24
27 25
27 26
27 27
27 3
27 4
27 5
27 6
27 7
27 8
27 9
28 -10
28 -11
28 -12
28 -13
28 -14
28 -15
28 -16
28 -17
28 -7
28 -8
28 -9
28 1
28 10
28 11
28 12
28 13
28 14
28 15
28 16
28 17
28 18
28 19
28 2
28 20
28 21
28 22
28 23
28 24
28 25
28 26
28 27
28 3
28 4
28 5
28 6
28 7
28 8
28 9
29 -10
29 -11
29 -12
29 -13
29 -14
29 -15
29 -16
29 -17
29 -7
29 -8
29 -9
29 10
29 11
29 12
29 13
29 14
29 15
29 16
29 17
29 18
29 19
29 20
29 21
29 22
29 23
29 24
29 25
29 26
29 27
29 3
29 4
29 5
29 6
29 7
3 -1
3 -10
3 -14
3 -15
3 -16
3 -17
3 -18
3 -19
3 -2
3 -20
3 -21
3 -22
3 -23
3 -24
3 -25
3 -26
3 -27
3 -28
3 -29
3 -3
3 -30
3 -31
3 -32
3 -33
3 -34
3 -35
3 -36
3 -37
3 -38
3 -39
3 -4
3 -40
3 -41
3 -42
3 -43
3 -44
3 -45
3 -5
3 -6
3 -7
3 -8
3 -9
3 0
3 1
3 10
3 11
3 12
3 13
3 14
3 15
3 16
3 17
3 18
3 19
3 2
3 20
3 21
3 22
3 23
3 24
3 25
3 26
3 27
3 28
3 29
3 3
3 30
3 31
3 32
3 33
3 34
3 35
3 4
3 5
3 6
3 7
3 8
3 9
30 -10
30 -11
30 -12
30 -13
30 -14
30 -15
30 -16
30 -17
30 -7
30 -8
30 -9
30 10
30 11
30 12
30 13
30 14
30 15
30 16
30 17
30 18
30 19
30 20
30 21
30 22
30 23
30 24
30 25
30 26
30 27
31 -10
31 -11
31 -12
31 -13
31 -14
31 -15
31 -16
31 -17
31 -7
31 -8
31 -9
31 10
31 11
31 12
31 13
31 14
31 15
31 16
31 17
31 18
31 19
31 20
31 21
31 22
31 23
31 24
31 25
31 26
31 27
32 -10
32 -11
32 -12
32 -13
32 -14
32 -15
32 -16
32 -17
32 -7
32 -8
32 -9
32 10
32 11
32 12
32 13
32 14
32 15
32 16
32 17
32 18
32 19
32 20
32 21
32 22
32 23
32 24
32 25
32 26
33 -10
33 -11
33 -12
33 -13
33 -14
33 -15
33 -16
33 -17
33 -7
33 -8
33 -9
33 10
33 11
33 12
33 13
33 14
33 15
33 16
33 17
33 18
33 19
33 20
33 21
33 22
33 23
33 24
33 25
33 26
34 -10
34 -11
34 -12
34 -13
34 -14
34 -15
34 -16
34 -17
34 -7
34 -8
34 -9
34 10
34 11
34 12
34 13
34 14
34 15
34 16
34 17
34 18
34 19
34 20
34 21
34 22
34 23
34 24
35 -10
35 -11
35 -12
35 -13
35 -14
35 -15
35 -16
35 -17
35 -18
35 -7
35 -8
35 -9
35 10
35 11
35 12
35 13
35 14
35 15
35 16
35 17
35 18
35 19
35 20
36 -10
36 -11
36 -12
36 -13
36 -14
36 -15
36 -16
36 -17
36 -18
36 -7
36 -8
36 -9
36 10
36 11
36 12
36 13
36 14
36 15
36 16
36 17
36 18
36 19
36 20
37 -10
37 -11
37 -12
37 -13
37 -14
37 -15
37 -16
37 -17
37 -18
37 -7
37 -8
37 -9
37 10
37 11
37 12
37 13
37 14
37 15
37 16
37 17
37 18
37 19
37 20
38 -10
38 -11
38 -12
38 -13
38 -14
38 -15
38 -16
38 -17
38 -18
38 -7
38 -8
38 -9
38 10
38 11
38 12
38 13
38 14
38 15
38 16
38 17
38 18
38 19
38 20
39 -10
39 -11
39 -12
39 -13
39 -14
39 -15
39 -16
39 -17
39 -18
39 -7
39 -8
39 -9
39 10
39 11
39 12
39 13
39 14
39 15
39 16
39 17
39 18
39 19
39 20
4 -1
4 -10
4 -14
4 -15
4 -16
4 -17
4 -18
4 -19
4 -2
4 -20
4 -21
4 -22
4 -23
4 -24
4 -25
4 -26
4 -27
4 -28
4 -29
4 -3
4 -30
4 -31
4 -32
4 -33
4 -34
4 -35
4 -36
4 -37
4 -38
4 -39
4 -4
4 -40
4 -41
4 -42
4 -43
4 -44
4 -45
4 -5
4 -6
4 -7
4 -8
4 -9
4 0
4 1
4 10
4 11
4 12
4 13
4 14
4 15
4 16
4 17
4 18
4 19
4 2
4 20
4 21
4 22
4 23
4 24
4 25
4 26
4 27
4 28
4 29
4 3
4 30
4 31
4 32
4 33
4 34
4 35
4 36
4 4
4 5
4 6
4 7
4 8
4 9
40 -10
40 -11
40 -12
40 -13
40 -14
40 -15
40 -16
40 -17
40 -7
40 -8
40 -9
40 10
40 11
40 12
40 13
40 14
40 15
40 16
40 17
40 18
40 19
40 20
41 -10
41 -11
41 -12
41 -13
41 -14
41 -15
41 -16
41 -17
41 -7
41 -8
41 -9
41 10
41 11
41 12
41 13
41 14
41 15
41 16
41 17
41 18
41 19
41 20
41 7
41 8
41 9
42 -10
42 -11
42 -12
42 -13
42 -14
42 -15
42 -16
42 -17
42 -7
42 -8
42 -9
42 10
42 11
42 12
42 13
42 14
42 15
42 16
42 17
42 18
42 19
42 20
42 5
42 6
42 7
42 8
42 9
43 -10
43 -11
43 -12
43 -13
43 -14
43 -15
43 -16
43 -17
43 -7
43 -8
43 -9
43 10
43 11
43 12
43 13
43 14
43 15
43 16
43 17
43 18
43 19
43 20
43 5
43 6
43 7
43 8
43 9
44 -10
44 -11
44 -12
44 -13
44 -14
44 -15
44 -16
44 -17
44 -7
44 -8
44 -9
44 10
44 11
44 12
44 13
44 14
44 15
44 16
44 17
44 18
44 19
44 20
44 4
44 5
44 6
44 7
44 8
44 9
45 -10
45 -11
45 -12
45 -13
45 -14
45 -15
45 -16
45 -17
45 -7
45 -8
45 -9
45 10
45 11
45 12
45 13
45 14
45 15
45 16
45 17
45 18
45 19
45 20
45 21
45 22
45 4
45 5
45 6
45 7
45 8
45 9
46 -10
46 -11
46 -12
46 -13
46 -14
46 -15
46 -16
46 -17
46 -18
46 -19
46 -7
46 -8
46 -9
46 10
46 11
46 12
46 13
46 14
46 15
46 16
46 17
46 18
46 19
46 20
46 21
46 22
46 23
46 24
46 4
46 5
46 6
46 7
46 8
46 9
47 -10
47 -11
47 -12
47 -13
47 -14
47 -15
47 -16
47 -17
47 -18
47 -19
47 -20
47 -21
47 -7
47 -8
47 -9
47 10
47 11
47 12
47 13
47 14
47 15
47 16
47 17
47 18
47 19
47 20
47 21
47 22
47 23
47 24
47 25
47 4
47 5
47 6
47 7
47 8
47 9
48 -10
48 -11
48 -12
48 -13
48 -14
48 -15
48 -16
48 -17
48 -18
48 -19
48 -20
48 -21
48 -3
48 -4
48 -5
48 -6
48 -7
48 -8
48 -9
48 10
48 11
48 12
48 13
48 14
48 15
48 16
48 17
48 18
48 19
48 20
48 21
48 22
48 23
48 24
48 25
48 4
48 5
48 6
48 7
48 8
48 9
49 -1
49 -10
49 -11
49 -12
49 -13
49 -14
49 -15
49 -16
49 -17
49 -18
49 -19
49 -2
49 -20
49 -21
49 -22
49 -3
49 -4
49 -5
49 -6
49 -7
49 -8
49 -9
49 10
49 11
49 12
49 13
49 14
49 15
49 16
49 17
49 18
49 19
49 20
49 21
49 22
49 23
49 24
49 25
49 26
49 3
49 4
49 5
49 6
49 7
49 8
49 9
5 -1
5 -10
5 -14
5 -15
5 -16
5 -17
5 -18
5 -19
5 -2
5 -20
5 -21
5 -22
5 -23
5 -24
5 -25
5 -26
5 -27
5 -28
5 -29
5 -3
5 -30
5 -31
5 -32
5 -33
5 -34
5 -35
5 -36
5 -37
5 -38
5 -39
5 -4
5 -40
5 -41
5 -42
5 -43
5 -44
5 -45
5 -5
5 -6
5 -7
5 -8
5 -9
5 0
5 1
5 10
5 11
5 12
5 13
5 14
5 15
5 16
5 17
5 18
5 19
5 2
5 20
5 21
5 22
5 23
5 24
5 25
5 26
5 27
5 28
5 29
5 3
5 30
5 31
5 32
5 33
5 34
5 35
5 36
5 4
5 5
5 6
5 7
5 8
5 9
50 -1
50 -10
50 -11
50 -12
50 -13
50 -14
50 -15
50 -16
50 -17
50 -18
50 -19
50 -2
50 -20
50 -21
50 -22
50 -3
50 -4
50 -5
50 -6
50 -7
50 -8
50 -9
50 0
50 10
50 11
50 12
50 13
50 14
50 15
50 16
50 17
50 18
50 19
50 20
50 21
50 22
50 23
50 24
50 25
50 26
50 27
50 3
50 4
50 5
50 6
50 7
50 8
50 9
51 -1
51 -10
51 -11
51 -12
51 -13
51 -14
51 -15
51 -16
51 -17
51 -18
51 -19
51 -2
51 -20
51 -21
51 -22
51 -3
51 -4
51 -5
51 -6
51 -7
51 -8
51 -9
51 0
51 1
51 10
51 11
51 12
51 13
51 14
51 15
51 16
51 17
51 18
51 19
51 20
51 21
51 22
51 23
51 24
51 25
51 26
51 27
51 28
51 29
51 3
51 4
51 5
51 6
51 7
51 8
51 9
52 -1
52 -10
52 -11
52 -12
52 -13
52 -14
52 -15
52 -16
52 -17
52 -18
52 -19
52 -2
52 -20
52 -21
52 -22
52 -3
52 -4
52 -5
52 -6
52 -7
52 -8
52 -9
52 0
52 1
52 10
52 11
52 12
52 13
52 14
52 15
52 16
52 17
52 18
52 19
52 20
52 21
52 22
52 23
52 24
52 25
52 26
52 27
52 28
52 29
52 3
52 4
52 5
52 6
52 7
52 8
52 9
53 -1
53 -10
53 -11
53 -12
53 -13
53 -14
53 -15
53 -16
53 -17
53 -18
53 -19
53 -2
53 -20
53 -21
53 -22
53 -3
53 -4
53 -5
53 -6
53 -7
53 -8
53 -9
53 0
53 1
53 10
53 11
53 12
53 13
53 14
53 15
53 16
53 17
53 18
53 19
53 2
53 20
53 21
53 22
53 23
53 24
53 25
53 26
53 27
53 28
53 29
53 3
53 30
53 4
53 5
53 6
53 7
53 8
53 9
54 -1
54 -10
54 -11
54 -12
54 -13
54 -14
54 -15
54 -16
54 -17
54 -18
54 -19
54 -2
54 -20
54 -21
54 -3
54 -4
54 -5
54 -6
54 -7
54 -8
54 -9
54 0
54 1
54 10
54 11
54 12
54 13
54 14
54 15
54 16
54 17
54 18
54 19
54 2
54 20
54 21
54 22
54 23
54 24
54 25
54 26
54 27
54 28
54 29
54 3
54 30
54 4
54 5
54 6
54 7
54 8
54 9
55 -1
55 -10
55 -11
55 -12
55 -13
55 -14
55 -15
55 -16
55 -17
55 -18
55 -19
55 -2
55 -20
55 -21
55 -3
55 -4
55 -5
55 -6
55 -7
55 -8
55 -9
55 0
55 1
55 10
55 11
55 12
55 13
55 14
55 15
55 16
55 17
55 18
55 19
55 2
55 20
55 21
55 22
55 23
55 24
55 25
55 26
55 27
55 28
55 29
55 3
55 30
55 4
55 5
55 6
55 7
55 8
55 9
56 -1
56 -10
56 -11
56 -12
56 -13
56 -14
56 -15
56 -16
56 -17
56 -18
56 -19
56 -2
56 -20
56 -3
56 -4
56 -5
56 -6
56 -7
56 -8
56 -9
56 0
56 1
56 10
56 11
56 12
56 13
56 14
56 15
56 16
56 17
56 18
56 19
56 2
56 20
56 21
56 22
56 23
56 24
56 25
56 26
56 27
56 28
56 29
56 3
56 30
56 4
56 5
56 6
56 7
56 8
56 9
57 -1
57 -10
57 -11
57 -12
57 -13
57 -14
57 -15
57 -16
57 -17
57 -18
57 -19
57 -2
57 -20
57 -3
57 -4
57 -5
57 -6
57 -7
57 -8
57 -9
57 0
57 1
57 10
57 11
57 12
57 13
57 14
57 15
57 16
57 17
57 18
57 19
57 2
57 20
57 21
57 22
57 23
57 24
57 25
57 26
57 27
57 28
57 29
57 3
57 30
57 4
57 5
57 6
57 7
57 8
57 9
58 -1
58 -10
58 -11
58 -12
58 -13
58 -14
58 -15
58 -16
58 -17
58 -18
58 -19
58 -2
58 -3
58 -4
58 -5
58 -6
58 -7
58 -8
58 -9
58 0
58 1
58 10
58 11
58 12
58 13
58 14
58 15
58 16
58 17
58 18
58 19
58 2
58 20
58 21
58 22
58 23
58 24
58 25
58 26
58 27
58 28
58 29
58 3
58 30
58 4
58 5
58 6
58 7
58 8
58 9
59 -1
59 -10
59 -11
59 -12
59 -13
59 -14
59 -15
59 -16
59 -17
59 -18
59 -19
59 -2
59 -3
59 -4
59 -5
59 -6
59 -7
59 -8
59 -9
59 0
59 1
59 10
59 11
59 12
59 13
59 14
59 15
59 18
59 19
59 2
59 20
59 21
59 22
59 23
59 24
59 25
59 26
59 27
59 28
59 29
59 3
59 30
59 4
59 5
59 6
59 7
59 8
59 9
6 -1
6 -10
6 -14
6 -15
6 -16
6 -17
6 -18
6 -19
6 -2
6 -20
6 -21
6 -22
6 -23
6 -24
6 -25
6 -26
6 -27
6 -28
6 -29
6 -3
6 -30
6 -31
6 -32
6 -33
6 -34
6 -35
6 -36
6 -37
6 -38
6 -39
6 -4
6 -40
6 -41
6 -42
6 -43
6 -44
6 -45
6 -5
6 -6
6 -7
6 -8
6 -9
6 0
6 1
6 10
6 11
6 12
6 13
6 14
6 15
6 16
6 17
6 18
6 19
6 2
6 20
6 21
6 22
6 23
6 24
6 25
6 26
6 27
6 28
6 29
6 3
6 30
6 31
6 32
6 33
6 34
6 35
6 36
6 4
6 5
6 6
6 7
6 8
6 9
60 -1
60 -10
60 -11
60 -12
60 -13
60 -14
60 -15
60 -16
60 -17
60 -2
60 -3
60 -4
60 -5
60 -6
60 -7
60 -8
60 -9
60 0
60 1
60 10
60 11
60 12
60 13
60 14
60 15
60 18
60 19
60 2
60 20
60 21
60 22
60 23
60 24
60 25
60 26
60 27
60 28
60 29
60 3
60 4
60 5
60 6
60 7
60 8
60 9
61 -1
61 -10
61 -11
61 -12
61 -13
61 -2
61 -3
61 -4
61 -5
61 -6
61 -7
61 -8
61 -9
61 0
61 1
61 10
61 11
61 12
61 13
61 14
61 15
61 19
61 2
61 20
61 21
61 22
61 23
61 24
61 25
61 26
61 27
61 28
61 29
61 3
61 4
61 5
61 6
61 7
61 8
61 9
62 -1
62 -10
62 -11
62 -12
62 -13
62 -2
62 -3
62 -4
62 -5
62 -6
62 -7
62 -8
62 -9
62 0
62 1
62 10
62 11
62 12
62 13
62 14
62 15
62 19
62 2
62 20
62 21
62 22
62 23
62 24
62 25
62 26
62 27
62 28
62 3
62 4
62 5
62 6
62 7
62 8
62 9
63 -1
63 -10
63 -11
63 -12
63 -13
63 -2
63 -3
63 -4
63 -5
63 -6
63 -7
63 -8
63 -9
63 0
63 1
63 10
63 11
63 12
63 13
63 14
63 15
63 2
63 21
63 22
63 23
63 24
63 25
63 26
63 3
63 4
63 5
63 6
63 7
63 8
63 9
64 -1
64 -10
64 -11
64 -12
64 -13
64 -2
64 -3
64 -4
64 -5
64 -6
64 -7
64 -8
64 -9
64 0
64 1
64 10
64 11
64 12
64 13
64 14
64 15
64 2
64 3
64 4
64 5
64 6
64 7
64 8
64 9
65 -1
65 -10
65 -11
65 -12
65 -13
65 -2
65 -3
65 -4
65 -5
65 -6
65 -7
65 -8
65 -9
65 0
65 1
65 10
65 11
65 12
65 13
65 14
65 15
65 2
65 3
65 4
65 5
65 6
65 7
65 8
65 9
66 -1
66 -10
66 -11
66 -12
66 -13
66 -2
66 -3
66 -4
66 -5
66 -6
66 -7
66 -8
66 -9
66 0
66 1
66 10
66 11
66 12
66 13
66 14
66 15
66 2
66 3
66 4
66 5
66 6
66 7
66 8
66 9
67 -1
67 -10
67 -11
67 -12
67 -13
67 -2
67 -3
67 -4
67 -5
67 -6
67 -7
67 -8
67 -9
67 0
67 1
67 10
67 11
67 12
67 13
67 14
67 15
67 2
67 3
67 4
67 5
67 6
67 7
67 8
67 9
68 -1
68 -10
68 -11
68 -12
68 -13
68 -2
68 -3
68 -4
68 -5
68 -6
68 -7
68 -8
68 -9
68 0
68 1
68 10
68 11
68 12
68 13
68 14
68 15
68 2
68 3
68 4
68 5
68 6
68 7
68 8
68 9
69 -1
69 -10
69 -11
69 -12
69 -13
69 -2
69 -3
69 -4
69 -5
69 -6
69 -7
69 -8
69 -9
69 0
69 1
69 10
69 11
69 12
69 13
69 14
69 2
69 3
69 4
69 5
69 6
69 7
69 8
69 9
7 -1
7 -10
7 -11
7 -12
7 -13
7 -14
7 -15
7 -16
7 -17
7 -18
7 -19
7 -2
7 -20
7 -21
7 -22
7 -23
7 -24
7 -25
7 -26
7 -27
7 -28
7 -29
7 -3
7 -30
7 -31
7 -32
7 -33
7 -34
7 -35
7 -36
7 -37
7 -38
7 -39
7 -4
7 -40
7 -41
7 -42
7 -43
7 -44
7 -45
7 -5
7 -6
7 -7
7 -8
7 -9
7 0
7 1
7 10
7 11
7 12
7 13
7 14
7 15
7 16
7 17
7 18
7 19
7 2
7 20
7 21
7 22
7 23
7 24
7 25
7 26
7 27
7 28
7 29
7 3
7 30
7 31
7 32
7 33
7 34
7 35
7 36
7 4
7 5
7 6
7 7
7 8
7 9
70 -1
70 -10
70 -11
70 -12
70 -13
70 -2
70 -3
70 -4
70 -5
70 -6
70 -7
70 -8
70 -9
70 0
70 1
70 10
70 11
70 12
70 13
70 14
70 2
70 3
70 4
70 5
70 6
70 7
70 8
70 9
71 -1
71 -10
71 -11
71 -12
71 -13
71 -2
71 -3
71 -4
71 -5
71 -6
71 -7
71 -8
71 -9
71 0
71 1
71 10
71 11
71 12
71 2
71 3
71 4
71 5
71 6
71 7
71 8
71 9
72 -1
72 -10
72 -11
72 -12
72 -13
72 -2
72 -3
72 -4
72 -5
72 -6
72 -7
72 -8
72 -9
72 0
72 1
72 10
72 11
72 2
72 3
72 4
72 5
72 6
72 7
72 8
72 9
73 -1
73 -10
73 -11
73 -12
73 -13
73 -2
73 -3
73 -4
73 -5
73 -6
73 -7
73 -8
73 -9
73 0
73 1
73 10
73 11
73 2
73 3
73 4
73 5
73 6
73 7
73 8
73 9
74 -1
74 -10
74 -11
74 -12
74 -2
74 -3
74 -4
74 -5
74 -6
74 -7
74 -8
74 -9
74 0
74 1
74 10
74 11
74 2
74 3
74 4
74 5
74 6
74 7
74 8
74 9
75 -1
75 -10
75 -11
75 -12
75 -2
75 -3
75 -4
75 -5
75 -6
75 -7
75 -8
75 -9
75 0
75 1
75 10
75 2
75 3
75 4
75 5
75 6
75 7
75 8
75 9
76 -1
76 -10
76 -2
76 -3
76 -4
76 -5
76 -6
76 -7
76 -8
76 -9
76 0
76 1
76 10
76 2
76 3
76 4
76 5
76 6
76 7
76 8
76 9
77 -1
77 0
77 1
77 2
77 3
77 4
77 5
77 6
77 7
77 8
8 -1
8 -10
8 -11
8 -12
8 -13
8 -14
8 -15
8 -16
8 -17
8 -18
8 -19
8 -2
8 -20
8 -21
8 -22
8 -23
8 -24
8 -25
8 -26
8 -27
8 -28
8 -29
8 -3
8 -30
8 -31
8 -32
8 -33
8 -34
8 -35
8 -36
8 -37
8 -38
8 -39
8 -4
8 -40
8 -41
8 -42
8 -43
8 -44
8 -45
8 -5
8 -6
8 -7
8 -8
8 -9
8 0
8 1
8 10
8 11
8 12
8 13
8 14
8 15
8 16
8 17
8 18
8 19
8 2
8 20
8 21
8 22
8 23
8 24
8 25
8 26
8 27
8 28
8 29
8 3
8 30
8 31
8 32
8 33
8 34
8 35
8 36
8 4
8 5
8 6
8 7
8 8
8 9
9 -1
9 -10
9 -11
9 -12
9 -13
9 -14
9 -15
9 -16
9 -17
9 -18
9 -19
9 -2
9 -20
9 -21
9 -22
9 -23
9 -24
9 -25
9 -26
9 -27
9 -28
9 -29
9 -3
9 -30
9 -31
9 -32
9 -33
9 -34
9 -35
9 -36
9 -37
9 -38
9 -39
9 -4
9 -40
9 -41
9 -42
9 -43
9 -44
9 -45
9 -5
9 -6
9 -7
9 -8
9 -9
9 0
9 1
9 10
9 11
9 12
9 13
9 14
9 15
9 16
9 17
9 18
9 19
9 2
9 20
9 21
9 22
9 23
9 24
9 25
9 26
9 27
9 28
9 29
9 3
9 30
9 31
9 32
9 33
9 34
9 35
9 36
9 4
9 5
9 6
9 7
9 8
9 9
